100 4 7
81
0 1 1 3 4 5 6
1 0 2 4 5 6 7
2 2 3 5 6 7 8 
3 1 4 6 7 8 9
4 0 5 7 8 9 10
5 1 6 8 9 10 11
6 2 7 9 10 11 12
7 1 8 10 11 12 13 
8 1 9 3 4 5 6
9 0 10 4 5 6 7
10 2 11 5 6 7 8 
11 1 12  6 7 8 9
12 0 13 7 8 9 10
13 1 14 8 9 10 11
14 2 15 9 10 11 12
15 1 16 10 11 12 13 
16 1 17 3 4 5 6
17 0 18 4 5 6 7
18 2 19 5 6 7 8 
19 1 20 6 7 8 9
20 0 21 7 8 9 10
21 1 22 8 9 10 11
22 2 23 9 10 11 12
23 1 24 10 11 12 13 
24 1 25 3 4 5 6
25 0 26 4 5 6 7
26 2 27 5 6 7 8 
27 1 28 6 7 8 9
28 0 29 7 8 9 10
29 1 30 8 9 10 11
30 2 31 9 10 11 12
31 1 32 10 11 12 13 
32 1 33 3 4 5 6
33 0 34 4 5 6 7
34 2 35 5 6 7 8 
35 1 36 6 7 8 9
36 0 37 7 8 9 10
37 1 38 8 9 10 11
38 2 39 9 10 11 12
39 1 40 10 11 12 13 
40 0 41 7 8 9 10
41 1 42 8 9 10 11
42 2 43 9 10 11 12
43 1 44 10 11 12 13 
44 1 45 3 4 5 6
45 0 46 4 5 6 7
46 2 47 5 6 7 8 
47 1 48 6 7 8 9
48 0 49 7 8 9 10
49 1 50 8 9 10 11
50 2 51 9 10 11 12
51 1 52 10 11 12 13 
52 1 53 3 4 5 6
53 0 54 4 5 6 7
54 2 55 5 6 7 8 
55 1 56 6 7 8 9
56 0 57 7 8 9 10
57 1 58 8 9 10 11
58 2 59 9 10 11 12
59 1 60 10 11 12 13 
60 0 61 7 8 9 10
61 1 62 8 9 10 11
62 2 63 9 10 11 12
63 1 64 10 11 12 13 
64 1 65 3 4 5 6
65 0 66 4 5 6 7
66 2 67 5 6 7 8 
67 1 68 6 7 8 9
68 0 69 7 8 9 10
69 1 70 8 9 10 11
70 2 71 9 10 11 12
71 1 72 10 11 12 13 
72 1 73 3 4 5 6
73 0 74 4 5 6 7
74 2 75 5 6 7 8 
75 1 76 6 7 8 9
76 0 77 7 8 9 10
77 1 78 8 9 10 11
78 2 79 9 10 11 12
79 1 80 10 11 12 13 
80 1 81 10 11 12 13 
