170 7 12
30
0 0 1 9 10 1 10
1 1 2 10 11 2 15
2 2 3 12 9 3 13
3 0 4 15 10 2 17
4 1 5 20 15 4 12
5 2 6 14 13 1 16
6 2 7 9 12 2 22
7 1 8 10 21 2 13
8 0 9 15 11 1 17
9 2 10 14 18 2 23
10 0 11 9 28 2 25
11 2 12 17 21 1 27
12 0 13 10 16 2 30
13 0 14 9 10 1 10
14 1 15 10 11 2 15
15 2 16 12 9 3 13
16 0 17 19 12 2 16
17 1 18 22 14 13
18 2 19 15 13 1 16
19 2 20 11 12 2 23
20 1 21 12 23 2 13
21 0 22 17 13 1 17
22 2 23 14 18 2 23
23 0 24 19 23 2 25
24 2 25 17 21 1 27
25 0 26 10 16 2 30
26 0 27 15 11 1 17
27 2 28 14 18 2 23
28 0 29 9 28 2 25
29 2 30 17 21 1 27



